10000
85114
38606
94716
13548
45632
87648
2365
41748
53297
30573
36268
84182
45239
97944
96591
32863
56984
67084
49244
96155
77709
84519
96080
62355
99170
32714
320
87400
70983
10991
75416
56097
49596
86484
85996
11580
74131
88360
69679
43779
35285
5946
27961
80523
20241
24551
13385
77225
7987
78981
73379
85695
63499
85810
64401
62669
18523
64720
66420
5858
75710
58187
78306
41658
44670
64301
69589
35152
69012
39267
78931
4296
61564
6891
1170
81804
47793
14555
75380
55779
9887
65110
57825
73385
50920
22225
52405
85794
3297
18824
91651
95358
93363
69956
53367
38032
34256
22955
73184
3268
78573
68466
23915
40136
75356
25085
38292
39500
55991
30023
95279
65877
95133
69455
39261
46052
8032
8018
31845
27680
43193
39848
23037
36555
9803
76404
90939
60411
15710
80474
63678
94283
48939
87592
50770
40646
12676
5413
80145
68666
35436
91775
50894
30568
61230
6507
76619
85613
14524
24815
13292
57716
64662
52680
10623
90817
29083
1561
51227
61145
82034
14904
55427
47324
18847
22548
87969
47875
27961
68113
32892
63396
59888
83786
10315
37469
90292
3285
23081
21167
28099
36372
78882
9113
89051
5856
99929
34486
23768
51155
95630
5801
82410
67408
69476
17608
6307
57444
65482
34267
25557
14726
14014
1796
98511
24328
39264
5154
27612
62344
26320
72063
15067
21553
81175
20469
43761
97455
54954
67528
64961
66935
73329
63722
50694
42804
81329
57001
16600
63163
7619
58508
77888
21633
60303
92750
62312
15918
97903
89924
78261
40574
78338
9679
62126
75864
46499
5886
73318
17805
89766
54630
84739
63094
18351
51785
22249
99679
8785
55200
62841
32755
13707
57080
54387
90361
49829
16699
6278
64083
22974
890
4656
17663
10568
83134
93526
57067
5371
66843
74871
95136
37824
75961
74581
56174
27745
13182
72204
52881
68381
51397
85636
98440
8476
56374
88800
74657
89424
95078
38739
28749
95967
43395
46411
22887
42880
39936
96305
48250
23130
87527
43386
60953
63487
34318
33478
7584
47499
5682
76816
32232
57078
62451
30671
81905
35177
19470
56561
24600
14547
95300
53349
26866
55046
99759
49752
97925
56047
62408
46174
79176
49934
5911
56481
13420
40229
89958
37355
87727
95639
14171
19958
69068
92973
66980
67325
28149
86450
23885
52749
17348
35536
22449
44213
6933
38559
10316
4857
94605
72723
67383
73781
22656
89645
46613
52428
29873
36570
6134
33952
48561
36656
70261
33980
29629
53593
1304
74129
40042
25189
43229
57389
77076
65677
17954
84009
4236
44621
5217
15192
33696
88951
5324
56351
78596
51936
25130
24820
88506
47616
75123
53418
84271
61736
87397
30251
15328
88701
4380
71721
30241
47608
45461
23668
29637
63414
7676
50224
24387
29245
65415
58082
18195
70739
30784
13142
22674
55914
54314
27531
3529
29436
97300
4151
7523
84697
34402
39202
89749
38781
10922
19989
2740
56383
43656
48728
36148
67684
98951
60534
96928
64366
34967
31474
51456
65751
60968
90481
21664
15281
34364
41544
61068
31663
62046
68591
16359
96447
24144
6107
51579
35066
42447
54319
7800
2455
3046
60299
70138
18349
20833
83417
99066
55799
14890
50521
37901
92209
57353
75916
7489
91716
17459
68557
23379
95857
53499
56089
92303
77642
78548
60234
29059
20994
30904
53210
23448
50301
13509
9937
68649
50693
93353
67714
6491
24595
34586
60744
16803
91939
36659
24292
6
54118
9200
23384
66326
79050
79473
58628
73043
58020
35213
2102
95365
66116
71663
18813
16417
85171
45101
85065
35863
38454
69131
58706
79400
20068
19449
96202
12006
56107
36845
12012
26576
62396
51747
92901
57797
47571
67881
30840
5590
3093
49293
17307
69209
20955
52471
85625
6126
97571
87041
41988
36024
56171
17045
31775
76239
36493
44329
4596
92600
97525
32959
35527
59921
1058
28428
17717
48628
96308
64908
70570
99400
14200
87876
84960
35155
40346
70584
57632
37916
73977
15971
90292
46499
33016
22066
39089
85860
82746
43685
78459
80271
92995
30338
40191
94052
58765
74259
59032
71424
39167
29601
87175
53366
33828
72135
4872
74173
59070
62503
28440
33046
94826
35083
95897
27841
73501
34985
13700
56246
95021
8511
36516
88016
38848
93058
98419
13964
83669
57450
85387
22835
3402
88913
92552
37229
61047
13776
27753
36469
92630
72545
85866
87455
7627
81762
15295
81127
16747
45347
37373
28119
70209
90240
16134
25408
83298
30905
39371
66966
4706
41109
6152
24460
30021
15055
61688
7420
28830
5793
43888
21460
78337
46105
8914
85963
27867
40561
83442
60965
2259
37166
89083
72467
27405
21569
97874
27054
68825
53596
10371
73530
11056
16522
97989
41076
31577
76029
64847
76758
81821
25086
98217
76509
71191
23483
62471
15409
80395
45912
76373
82653
99429
81807
71471
26834
19727
85696
70239
88551
55643
80610
78433
66698
13483
76421
7773
45059
68801
88972
38169
66973
14057
52737
43481
85247
76219
22304
17007
72965
84567
9731
55617
83996
91538
43439
10829
11264
45486
81067
16167
1128
78028
94599
67825
91511
87371
91950
52921
56172
80921
91089
39496
94977
43826
82977
96576
36396
5280
13582
9361
6198
23313
81329
90193
31202
41120
17373
58817
86605
98440
74983
87733
76467
69581
55557
84329
56952
47506
37250
29475
44778
28338
68970
39755
88515
68298
52682
24911
73577
66263
50623
96127
5927
31951
86319
37128
73070
3692
95945
59675
18483
70927
47407
11301
40508
19315
95630
13811
83173
32879
43285
27950
77568
28606
67704
66083
96904
36737
90993
86832
3000
41615
82958
8926
89917
69277
46054
79339
72968
58350
39013
7802
29276
2771
19102
86135
38437
31083
99945
21609
63961
59581
49559
41529
88187
33614
23963
85090
70351
31307
71921
89702
89273
71231
98627
79189
40507
61032
58527
29826
19381
13891
37627
65009
33013
73080
51143
71450
4163
67440
9410
68123
43372
58968
26003
31558
92582
66317
32999
79284
97623
21272
68985
86895
92502
83963
82436
33008
44995
57314
79185
80727
71205
33163
62087
20569
6242
13230
8370
10404
97021
17780
94879
40392
76747
37233
88302
85680
3550
37652
81315
17524
58923
50299
4419
67776
34262
86854
17135
95608
44167
96319
76334
31723
29481
54773
68644
35723
68002
77013
62478
81374
94792
73708
38117
87891
27293
42770
89922
30842
80422
71237
48365
55696
21535
69135
23472
72148
72340
40606
84107
32859
36925
76793
64581
82757
31565
33224
34831
15918
26589
13661
97291
21380
87368
51759
25622
14660
94529
15544
61853
91302
86780
26570
46997
24666
95704
70468
13166
84396
11074
97272
17254
64350
74064
81834
63458
5628
31410
98289
21545
57998
11949
35187
95729
15668
86946
21351
30328
81474
36894
8532
89127
40025
35101
36123
64690
47157
22943
77855
31552
50368
91479
48805
14717
65542
46990
78174
71170
94751
92814
9066
52748
21114
44253
64829
36782
31198
86179
67109
29023
39424
91992
18149
79448
27093
70623
60489
74249
93565
54696
22152
43932
46174
70956
75000
11715
34297
69526
99236
29048
62339
8302
98147
83453
68906
62975
20234
16455
65505
3694
45477
4928
95685
79977
84375
39129
66951
44864
29729
60516
99559
51880
20799
45732
39187
95799
73798
73484
65324
89386
18883
44014
14039
17029
27466
82944
96356
64051
99398
61860
84096
61226
66788
96133
57554
51162
51613
24504
12377
81342
85019
11935
33221
5818
74018
72408
17968
47816
62243
83291
53553
81125
27304
67591
98153
71122
50534
94508
51524
66283
72720
35620
27508
39507
48104
85061
7020
99716
9564
19397
81057
10935
31331
30630
33104
21701
3037
51071
85868
81631
50713
39420
62755
78016
7010
77259
65489
57543
88119
17013
23825
60838
68984
67684
344
17087
69096
23715
33154
78659
43111
14211
5945
90794
44840
55400
12494
64228
6470
98361
45858
57182
54132
24964
51550
61141
2222
17038
35035
6692
34050
75211
67529
3033
42894
84224
36471
11989
7939
69625
6999
67401
83835
29296
58194
45026
84695
87039
25605
91165
1751
87814
64698
55882
12777
16247
17022
31350
33285
68408
38042
83686
43618
21922
86719
2863
22498
23189
14851
46788
92813
38202
14188
92999
67497
72382
54376
52191
75772
79980
43355
77523
84145
24405
49756
13273
40651
83130
44623
90287
51537
99016
73973
95155
37289
77043
98017
59786
231
29220
22925
9396
67421
37113
18746
34917
25846
73122
3459
1617
69453
63166
95491
53598
87570
45247
66870
28220
28376
27844
18507
96264
43211
8831
91418
80500
85873
5787
56637
2455
51358
79562
11850
35130
33026
30596
86398
58871
20069
89856
76839
5873
53021
72330
59470
40590
33928
42692
85162
78655
70535
20020
74918
30098
28850
82688
10597
31074
4826
83585
33528
56183
79498
45378
91312
12523
92325
94061
71393
28745
83916
48232
34617
53289
36913
10439
10230
70840
53130
95391
49494
40016
31762
40763
86465
76963
23450
97061
8036
28275
96998
41564
84457
76495
3293
92120
89018
11969
86180
76762
57065
86448
41345
91681
39736
78257
18471
49965
65448
87952
61708
31293
27968
9821
72056
30784
86784
95505
44197
94819
23780
41194
52734
24588
34040
72378
33060
23057
84346
19239
99819
41410
22038
57515
49443
61773
35772
67913
28090
17571
55865
6149
48864
184
15969
20919
30967
2752
32775
75163
13923
72906
16356
66656
97494
50396
55386
30553
89804
39731
66143
5974
97493
88181
63489
46935
66305
15612
31199
94394
33182
87063
542
98397
3598
32863
35667
34565
35614
68442
26079
65888
41347
58787
48896
55192
25534
4281
85744
15337
44011
68239
37663
57855
72771
17503
21141
39075
33114
52340
49821
82647
55754
66714
81044
59352
99576
16710
10268
35190
85151
36346
1077
42850
95132
49972
98041
20665
54252
137
52354
14615
84727
6368
88821
57497
23870
9962
96571
56983
78653
46391
55981
34406
13105
37024
10109
12680
70086
20376
64221
71588
73074
81650
14437
68205
31621
28830
5222
2225
28966
73927
33191
30044
80294
22011
87540
20515
48324
84110
77497
26976
46853
33477
61382
59957
86853
71490
88988
56938
8218
53209
28525
81291
34858
59314
65847
82830
88143
87420
1406
33460
61346
34596
63503
57991
72959
51042
78505
21282
51503
72353
48258
98355
22182
25991
58311
25386
97480
63651
82323
22049
16859
27199
3339
68068
86512
69186
50897
91006
56605
52303
24465
34303
86898
4319
8645
76208
55360
87150
97490
6863
75854
62099
21569
14387
88089
79880
39772
1920
43530
22094
23969
76740
65645
27307
44807
52156
96492
95703
43162
69449
64357
83978
20103
67607
88297
28747
43814
60008
32248
57655
66870
8102
19753
88439
22488
7841
84670
78612
9761
44551
705
33729
37642
82701
61035
82448
34857
73879
94502
94370
59679
75211
78347
79781
42817
82995
24879
2982
43003
57127
60637
26224
81580
80389
31014
20419
88230
15683
99030
97990
76585
16087
31718
14226
98787
9104
13025
49995
99334
7527
44364
59012
82737
39063
55144
41905
22057
80023
44886
81411
37149
5522
7635
35080
85911
38648
55498
74140
70683
70880
88481
47267
86966
20198
77845
2104
45653
90869
52099
44987
98395
12814
20350
97483
68228
75494
39387
6637
55516
84273
88047
9016
6146
12033
44095
92056
50681
15944
82547
21363
86823
71027
84981
90140
7576
62825
8596
53229
53694
77046
14567
52088
6211
34916
65923
74439
10409
5309
97427
82276
5933
1825
91291
28431
13858
51737
20486
80890
67681
3033
2252
70855
90411
87232
77347
97987
50057
85942
67567
3750
62987
82133
72189
69197
33400
54463
59987
43809
76124
57413
42436
98408
75590
33727
26838
5799
85463
47324
86688
53143
66708
88939
40350
57118
92522
17696
71456
58930
3637
39022
79031
82975
37506
51220
52171
70906
22034
28510
31066
98157
2274
73501
96565
77863
23579
23402
83661
9042
87077
86700
78536
53784
75638
35237
27254
84512
52932
98709
43441
72920
54083
22472
55894
7940
90043
24417
95197
12076
52926
26262
26585
55199
16115
23149
49414
56045
62902
49426
81438
49979
36126
59974
3762
28115
95210
47367
12626
64494
46076
72419
37413
158
94890
93307
24449
1284
34075
19646
29711
87000
45907
56295
58550
78373
95795
7963
50770
58697
57389
32207
8675
9866
8532
28788
37980
3742
76155
66958
84587
22230
39376
21999
38739
50617
31657
63187
51900
65731
82832
97962
69082
45091
70609
27632
39815
66403
51946
6936
25099
25686
39143
50125
35551
47674
78913
73531
67767
71419
40488
52353
10000
96215
90704
48738
46831
38712
28276
15082
4443
27460
13043
73524
88902
3
17507
45068
66406
69453
52004
7856
95138
7498
74333
47041
55171
53245
36923
39290
24663
77410
7994
34662
89976
98697
99751
36806
37409
44378
51887
58203
88189
81281
48078
93442
97636
65585
54862
64041
51389
6865
88248
62878
30714
62580
9918
2236
32176
46840
41525
56838
40601
49519
7851
30576
48215
23953
83733
1975
84683
51971
60177
72871
49604
8255
66313
47239
90191
37526
11279
41579
44390
15878
20808
91455
78458
30726
93690
10633
93917
35215
83823
50870
84733
8025
81445
49299
31978
81530
67626
16660
33500
27802
5882
83103
52408
72194
30341
42598
9719
57971
528
70460
73849
21336
78266
68658
68413
71956
79290
62329
7170
63112
13198
8254
71137
10995
73904
19466
92524
41529
36125
42375
69331
42006
25478
21738
30552
72170
80688
56622
30141
81215
43434
20341
18902
21699
88998
87314
10006
84639
49643
17175
64103
79192
41780
51591
6538
15684
71056
99061
57212
23532
57788
42894
81889
99617
80984
28792
71786
78023
85414
18278
59237
45199
54970
94491
83249
43967
81804
93255
44958
31446
26781
9060
26990
68561
77002
33527
596
48057
48940
74159
87940
6727
17053
69828
6343
14388
14972
78128
92410
16737
12758
67998
61935
67727
62488
61535
28046
44292
54789
73003
92089
81570
98414
19078
66482
75415
68957
67077
39823
17896
41235
27762
24622
74639
13941
47316
89026
28912
41795
97787
45648
54552
65785
23934
38631
44624
85469
66676
5267
40257
56030
13708
38178
54443
49137
4659
46209
18093
88087
86031
52340
29322
13792
76961
3960
44084
40628
9338
89348
82423
7124
34995
36974
89260
75281
91956
50236
60749
58631
55502
17357
14660
85561
71887
85454
34698
92897
31662
69142
80984
34044
21482
10305
64187
98442
30616
8271
55422
39953
97618
37844
47077
48964
91169
52688
40596
83125
2923
17696
41755
74777
35053
72767
60337
23291
74572
95034
16187
6234
64176
13522
40277
85657
23826
4464
450
54442
29086
55871
10746
43055
10066
74174
8370
1235
26862
48966
84359
29784
66661
42465
4560
18065
15231
64897
41355
6155
76282
73894
28740
40457
87415
85368
42465
11241
6183
59267
82034
35268
15137
9131
94674
25203
83305
3044
26437
10166
52009
27147
39949
18669
69611
60861
36734
1194
42109
94440
7348
18390
68333
52439
75199
55748
37806
17663
83340
43989
76929
81725
95608
8418
90855
90282
49972
74159
93325
92760
676
45333
19906
56977
80353
5868
17837
17086
7061
76297
27878
30760
94686
96210
83198
86236
68309
37356
20251
51648
81344
97179
49724
93303
21948
56931
83584
71919
47441
93260
64678
48117
54944
935
5093
35297
6803
39281
68734
30215
15577
96611
77327
26614
92821
60524
12850
77481
14231
33100
45481
11926
46630
95204
5229
84930
52134
5164
56848
15927
98424
37878
64043
53367
38812
85487
88663
61966
41119
73749
92181
73047
70359
69507
99660
79531
46382
28861
57012
60613
61960
2492
88890
24942
97695
94118
9871
66181
99282
83070
82107
14057
37299
62501
67423
92463
64339
72438
54428
5457
46186
62960
78503
32896
32466
94514
12427
95200
23375
69438
72164
1686
71929
61053
26627
85975
71523
52849
68507
87156
52271
66965
1212
89569
29465
84986
82031
10155
73775
52811
15611
19960
15770
10465
69208
64588
4979
81634
59787
28353
51071
48302
46390
22999
9354
73017
25325
80876
42217
93832
68031
94487
60796
85594
408
6613
70580
82438
16767
60706
35248
32378
97018
67370
59194
66225
31957
64172
47858
8095
8876
98928
56396
55266
38278
82101
44634
63602
79329
86850
73785
63711
97689
34581
49305
98096
41193
36236
96885
57959
96941
48485
6688
93958
15854
82234
76534
64162
46405
24391
72256
71633
39670
45003
43250
77947
43455
87883
57901
22783
91084
31685
86494
5124
66265
52150
3219
23809
4737
16456
98120
18029
64940
4807
28339
80793
87040
4872
61306
49797
29263
33561
37781
68932
94915
81030
63231
38369
68912
37483
61152
76347
69167
63997
81471
51784
32498
1041
91944
53586
17496
90063
87966
82435
11222
16304
79579
14613
37528
40884
64409
83142
90796
2189
52073
85710
99570
31655
24079
84833
69137
1582
61180
54656
81930
59002
22791
30779
60042
14734
84364
93890
4797
72329
92676
16018
4985
72255
30630
42512
29490
11391
25653
20286
29931
94077
22347
29501
42084
62777
14333
11220
80710
91864
82227
62639
50865
5017
9769
10907
19751
94132
4796
24547
82813
97471
56916
4149
86077
3897
46660
31919
15287
88664
68556
45218
82740
90902
91070
41175
70031
21754
52395
50740
13618
34621
29731
64482
39638
39499
91740
75740
49983
12887
16638
49147
26710
73553
53295
29138
77449
16306
61056
9088
4969
29611
70657
4060
36865
61726
45235
6895
99831
13981
57634
13448
64953
3716
94282
20942
59567
86021
96681
9549
98908
13318
75047
41969
3222
28341
71106
97023
44646
32162
22462
65966
61772
93118
86377
98636
71195
47963
21882
71025
61943
95868
825
26896
99583
95106
64189
59149
81126
60870
85049
96385
90539
60095
38353
10113
4787
25811
23487
65784
57972
45948
31749
36095
39065
34478
51083
26611
82440
72964
97635
44383
68831
14811
87630
84766
9916
68170
60266
7394
45391
61667
3778
35930
21761
58483
62394
26548
645
85880
92331
58616
31827
40432
11062
87243
74909
62144
13853
73700
51460
27839
34434
36642
42650
38415
37759
52565
6585
98025
59958
51975
59691
80088
4256
97803
54922
66649
40702
55566
52528
49385
30533
706
89816
41594
87948
81076
20090
1800
54775
71549
45991
89209
24542
88640
27623
62301
57556
50559
60325
33866
2534
36367
13953
6789
50521
85226
73438
91223
40791
42317
40607
87675
43023
46774
29268
30970
44201
65709
49122
98975
37257
11464
4535
61799
103
48510
24099
74010
99068
775
7875
1601
53493
21827
24742
4013
23404
98179
11587
64194
56847
68545
51868
99869
15318
97488
47191
75870
63196
12664
91197
16805
24127
95731
94955
40581
60592
35405
14590
76012
52531
22465
77612
6023
60643
18705
26387
84047
16883
54326
64592
73730
22870
32812
89950
54540
30299
37140
30409
9846
66155
21605
26650
90281
33688
21604
30861
94279
57008
61803
70290
25890
84267
64254
31912
61261
82958
74651
45307
16193
28976
9899
6274
51845
42710
96223
22736
89360
49715
53145
99205
15869
91101
42207
22502
24788
80162
69714
35419
53522
31516
22060
79411
32134
86313
11323
93395
85623
85973
55053
18167
31300
64951
24440
99496
24012
37014
22232
29723
3080
75376
28928
35301
66476
71134
57802
7616
67647
43867
43034
21168
75383
65093
579
23868
67758
11901
17262
69732
14225
88667
87898
61876
69969
12337
61371
93981
65702
83602
23703
68782
75329
68982
4082
41805
56467
78235
65772
24114
22101
25157
45281
13835
90249
45859
37703
74358
74111
71316
44089
88335
59982
31986
66562
29951
60674
27933
40283
42728
11534
63985
11509
86863
49319
31942
45019
5785
26528
27142
46250
48628
52298
91531
62463
58898
53741
16517
33256
27852
87832
93696
32538
47814
25682
99100
94116
2707
27032
34398
45434
38565
14734
73294
41779
64052
21587
3149
86189
48114
30290
32438
96742
82587
23968
75556
41485
94061
8424
74740
21912
96255
68435
54449
60420
10468
53548
54535
29527
96931
5284
74960
51848
20018
64606
93626
421
86192
13127
86609
50658
43416
19047
47399
26003
59366
39306
83839
53426
47729
74930
91689
60335
59716
46138
20755
70184
16037
91641
16062
12968
13277
7373
81167
33294
71978
91144
33714
74522
4270
36675
25179
47686
55721
88929
90040
31438
44586
73878
84864
92314
48807
92904
69000
8522
39041
6106
95057
71430
14099
11118
749
27375
18491
81915
60668
6820
73058
10733
81341
77328
47407
6519
41365
19479
95447
47756
50917
40032
37985
52132
48697
86791
45035
17697
11664
428
40154
23073
71857
54252
34190
72605
81626
69032
54519
58645
75852
43928
69378
73544
37607
33136
80063
95323
52615
91861
43078
19883
48245
81062
72014
13293
84204
33400
47341
12220
33827
87495
35292
22035
41746
85833
94639
23372
71217
65509
82016
63420
25789
67745
36963
63395
881
33377
75070
69847
25238
18147
89729
89834
15561
78094
3126
16116
11493
50467
28335
61672
37961
79978
83706
79706
82163
94697
3077
53379
60205
1445
16798
2345
69189
70112
65740
86421
3489
57161
72619
45078
75307
62347
34911
7219
56792
38036
23335
84637
4854
68021
46308
42814
64351
30013
38872
46513
41061
41948
16243
1266
59744
49392
3610
45285
19503
85701
48057
22991
42861
20676
68068
34520
99374
19330
58090
56166
57366
81424
40802
78571
65797
3461
21385
30147
33473
60256
93011
90886
18555
9253
92151
94651
58644
12112
39935
78146
14165
87991
17489
73377
8666
1908
7896
8040
21238
65986
80557
94955
63761
21358
73525
45909
24818
94909
76055
74642
71516
69065
65527
90071
94669
74029
1073
53312
2493
41007
47810
16657
45349
65298
90033
54015
67205
14281
78406
4794
80266
58962
99748
60378
96671
73273
6287
37840
84533
98693
12481
72401
84110
94360
78823
78778
84740
79895
32090
87232
20901
96251
20240
66249
61548
10273
36615
45104
24553
31372
49898
21170
6685
65997
97899
3355
39269
4185
41194
40154
19230
70027
12554
3339
80738
91376
82116
65477
71270
30557
52709
8522
26807
72948
91122
4706
99572
44089
49810
40476
75460
16059
77997
82145
82055
75896
1851
37676
96432
59397
77829
15661
45775
6734
18999
26512
98109
17467
91988
85730
64375
61048
94251
91182
50348
1724
12239
49919
45812
62048
6747
37624
94458
84743
19768
76513
76990
37970
14188
73422
13718
8368
5434
59492
31453
24433
2355
29561
58251
10695
31642
22625
71742
42244
30158
38441
43967
42397
4712
6131
20796
11458
43754
15254
12552
79873
91766
89542
17842
22305
79315
47912
47024
84748
7403
78476
25532
26110
24388
83782
36804
56029
6407
24897
14624
52916
63338
74942
95312
68049
81072
16108
95858
24825
31361
8409
4697
39478
14302
38891
78134
93616
86802
25157
78364
10556
19984
3895
36665
44371
4029
73468
16751
10435
14717
31374
79702
78054
6315
75014
62454
3739
91121
58311
28563
38833
83071
33260
78310
97373
88502
72795
90988
75303
97951
85703
85858
34286
89598
38875
78656
93626
28694
11758
20412
43410
59483
113
21463
82149
91478
268
85887
82598
58578
14450
37782
58001
64061
16091
55373
52562
88885
62712
44216
3187
48415
46425
37472
54364
85299
32479
64341
13993
60588
1104
57402
20070
1216
95217
2219
92694
95484
88105
91643
70414
18906
29425
28414
99318
61867
138
68231
67104
79201
12446
70290
43967
58871
24114
98330
60521
72944
79022
74513
33532
80125
48267
69953
97693
43483
88523
90386
55318
76628
98380
25731
11885
27804
70496
11203
6023
70633
79433
73126
66186
8231
59767
10152
67101
232
24834
27621
89528
3855
18486
39411
83980
66752
9363
81672
26586
97886
88409
81903
90865
3140
23986
2749
47296
94481
30303
53318
81466
26088
42795
47651
34318
2561
74154
17770
19145
98987
61742
8672
2842
80227
48082
3173
63330
57444
1196
6267
55329
5956
4522
62545
9095
28507
81646
56390
39339
11948
9707
20804
54387
52501
84806
88704
71414
58960
22825
90558
74298
84567
99229
93491
81145
47310
96663
60827
21105
14210
67093
92786
20165
71614
55330
29260
16472
36975
85649
55811
65275
11708
76614
36013
80560
77772
41069
51973
53083
63893
42530
27380
48459
58110
20871
45956
21771
33885
6782
42876
48095
73874
35661
68259
61840
7342
97518
78311
60669
99519
34121
42295
11226
27087
78307
8137
4858
19375
60110
57940
99620
18991
1671
48078
77101
22541
94033
15223
56426
17166
58098
4520
91040
10110
72778
69231
17452
86648
47541
78120
86166
81662
20414
13743
25100
15072
21879
29957
34447
98340
4248
34066
33683
5918
98495
10783
44811
8880
42357
1236
26045
455
22107
33436
10564
94884
2666
28015
97883
50207
22486
400
48220
59251
30494
73319
74323
68725
19627
25121
67064
23874
75538
746
46143
74032
27880
90953
99263
70237
8540
41660
87043
30646
75095
97606
41882
94113
41973
39764
60671
64458
56516
8890
23709
87009
98560
14383
55733
18186
39503
22797
58411
15040
39894
20905
5423
84126
11858
4686
70714
36749
46345
57756
67395
37791
55361
9276
31903
13685
65391
92573
94495
21906
1462
34555
8915
16373
48937
80999
34558
88439
20147
9320
19830
60041
30225
25252
60518
58434
46289
31231
95182
92633
88986
62576
30424
60698
88203
78678
74383
69946
71251
68877
91851
89064
19783
17117
5437
68719
98116
56346
73509
18262
82018
93338
94654
12242
18589
55171
70675
64878
2753
82208
73862
91738
44784
20637
68788
49338
99315
59522
19283
86917
28398
27486
92332
64532
44602
14120
33250
59069
70466
6758
77331
52483
16447
88336
81076
51387
59859
68102
32616
62611
50309
6478
70701
11444
43466
39488
77134
59132
99009
96416
46048
43758
23901
38380
8289
84855
68851
57890
43923
39316
64647
37605
8150
81093
25941
5577
32479
2151
73678
81447
64761
40339
87924
51813
51782
47741
91300
45267
6873
6660
41683
69272
50417
81935
24003
75057
66789
92854
32946
10712
32169
13944
64668
56671
11388
90608
78599
60219
9110
52277
41665
90223
8967
45940
42035
77100
93680
49687
22367
552
56346
64049
69824
23115
62335
93826
98171
29124
86679
47469
56187
35200
61412
20854
8222
72800
27814
86820
33018
36923
55448
74682
27145
64414
20621
69180
41514
30652
35218
63880
31204
91563
44280
17379
14677
6614
27556
29200
52089
30587
93020
8275
65786
54431
29129
90359
43582
56942
77178
92951
10216
48978
83984
37361
13391
4604
22892
71256
51608
58109
51487
82811
66023
12118
16541
97052
18732
44096
42603
87172
74682
35622
95447
56819
6404
40927
47177
49986
14220
40707
42936
24435
89684
26920
78147
19426
47875
17390
90682
99482
91850
58520
98644
57873
70638
15184
71276
5721
59280
13878
92892
50313
65851
88338
7132
72254
29264
54308
38591
59835
95014
97879
84270
1049
24798
78768
20475
89024
96158
27508
4858
4359
86027
3501
62231
56664
35037
49858
62384
10668
80087
55276
60980
45937
59965
68111
34543
5581
38771
73133
65415
50136
71011
66036
51185
12160
44804
88011
17536
57313
15518
22393
61671
17896
25893
40254
90912
77281
90111
53295
87948
70198
24922
48928
32486
1239
17038
83380
6819
55808
56513
88585
22296
43875
54621
73480
72387
15776
77842
89922
73088
93359
12314
34758
27606
54558
75011
18517
31839
65122
71812
19786
51671
13085
68713
508
30675
2103
83888
53845
74262
56752
42430
96557
16978
13402
70036
89364
29177
47877
79285
2264
57587
91598
53373
85193
62508
28384
3709
94346
9857
91872
14131
77879
21309
99196
78386
51983
1298
78625
22180
75559
35376
80961
72116
52354
94362
58503
58069
39890
22732
37354
58505
96670
45303
11877
81862
7810
56612
1923
18507
66468
10146
32638
60698
31454
48185
55436
99789
49482
34060
38320
41392
85788
19280
29859
54493
13641
88362
12561
69882
27445
66266
28386
24114
27921
56614
22328
35730
13226
40602
54237
96045
50747
3226
56743
98553
51410
28530
14693
17243
62589
53012
58634
64728
72291
4845
35572
2283
93206
48133
72164
37002
30750
16901
77467
58670
73514
99794
10752
86739
40395
81340
99136
7494
917
72230
22398
68678
759
37090
85920
79699
90101
60905
44427
62391
82101
79998
64673
75306
44482
53188
28659
91584
70088
6126
66605
43601
22271
77356
46692
79018
75047
45827
86511
75963
34408
8908
44640
35166
45997
46911
31216
52449
24168
75642
31191
6268
71992
95863
97926
32825
65402
26584
40760
35489
49061
7365
95441
71332
84720
42132
50349
59767
4310
53211
52081
55069
78470
13073
90234
40818
59983
37802
93266
502
29795
24456
23122
18138
36670
21047
50963
2071
63982
91722
53911
13043
15438
49351
726
158
7835
67426
76276
12144
20636
44708
67213
99105
57780
73798
39922
17763
11599
49539
34616
57746
73994
57737
75883
27015
95135
26845
29085
59117
34919
99347
88511
50356
48697
89236
66865
72883
56661
59492
85027
93648
4200
68591
92752
61979
58740
49025
96093
86691
98563
30709
44436
88908
88445
20318
15922
83580
63515
61358
59048
14785
60704
63910
65140
25752
69497
48357
98635
42509
7848
13
36156
12047
84955
45259
74026
43694
94283
70118
46736
9197
17178
91171
98104
21975
27841
30377
21906
7707
91734
80953
22491
68789
44862
3982
94540
14358
52338
9526
56866
60186
9538
9373
88584
94492
54631
62609
54538
65265
49079
17625
74461
82608
25148
88916
4582
52988
19292
26487
77046
27377
7439
99536
96165
68652
3517
90704
99361
72207
16582
72578
32392
26119
81950
37327
36963
52932
16288
7852
18196
65366
25476
9008
47973
50623
14275
52555
19962
49918
95393
97007
77294
19184
12894
73458
87835
16411
80514
3548
88617
97095
76125
37360
39565
74427
74686
92879
27358
90973
17082
61906
72690
42558
87265
37015
9532
1540
5921
45846
51457
1313
59204
28751
20496
72098
18560
24683
4860
99073
44582
93476
12519
37058
47187
68436
11484
38224
61314
55194
29197
78396
33451
18238
37305
20715
55252
63188
38606
61172
25385
90063
78837
84589
35165
15684
56686
53724
40366
61545
69149
84947
71372
98019
22005
34910
66454
49840
73133
44120
21385
18681
38867
71187
36919
92523
91902
92170
72062
46859
69694
97447
53273
64882
82035
88437
80565
55072
58513
20931
32968
44013
22229
20691
58383
60585
55600
24837
26777
45084
85308
64513
63765
24174
35700
683
33048
43953
9204
5109
90811
95249
2555
44084
60130
941
48872
40695
72364
23736
77977
21683
84100
16557
42373
42483
77142
14324
83671
20270
59408
68978
84782
23172
9503
20481
23854
58902
64433
49409
64010
71596
44658
82917
15679
4787
209
80902
61833
88925
20990
39809
10607
5089
56366
52980
47571
49859
67303
47593
70128
43062
16570
54909
66233
42424
91742
6438
1325
72526
55847
81687
44121
16856
80955
76151
21642
97515
57053
99827
86439
78042
39635
97046
99482
12352
66377
47053
78562
33679
94645
48689
93093
27567
19950
59325
86342
11691
65763
87667
84216
37961
85705
28337
54816
66659
20839
92809
64173
77891
92635
66964
72284
48622
64009
71766
77325
30385
35170
55887
80415
46166
20927
73507
73732
40876
49184
76426
52566
14946
64092
53134
69258
66148
97822
40425
49158
18660
33233
29682
12903
42220
96645
85186
7193
60653
73303
869
7389
8472
56755
87804
70990
77682
77662
44721
18557
26845
21146
87475
58142
1589
56960
27399
84088
54781
84175
33245
73440
33760
79279
86342
75979
75923
87880
99523
52928
61182
391
60316
86006
73498
64471
56995
67531
42133
18067
2439
85329
55565
6265
43471
73505
63224
87221
57593
18004
71396
7189
7796
5155
86467
10489
97485
78742
14720
13359
31669
92254
30101
8336
94611
3598
89159
67957
71128
47643
86023
89919
32971
57939
96183
92793
47796
59407
96366
21740
93762
67761
28928
17909
89267
31747
44750
3103
26840
59469
32813
74860
68074
62913
83195
62684
82863
88705
30640
70342
36347
33015
60260
69318
90953
56443
78462
38748
32201
74827
60487
25962
58939
5767
43871
64557
53865
4972
84011
80704
64440
16823
55563
32514
96088
55109
11549
78950
43814
42189
49291
80160
75203
25903
65829
82507
98697
44291
21255
30897
35469
98093
56858
94408
20211
17080
58964
74075
22051
42975
54778
2843
76149
26692
51708
72236
81801
63256
51185
41966
5444
16828
22125
80646
59082
4306
63153
57778
64948
759
88674
416
98851
61883
94823
19062
95315
70139
9488
33717
29465
80618
36559
5613
7309
88266
94201
5461
51522
61737
47426
73317
94916
85903
70315
53997
90208
49819
28126
71507
50577
33151
71922
65779
11386
83097
1192
6700
69587
10680
56768
99051
7649
93327
21015
14957
97944
15215
36770
65817
93304
547
55486
88219
86449
25800
42216
93008
75618
86693
64514
42546
19844
52788
8324
31229
52236
25868
37928
21822
52899
94695
37224
60547
4373
74590
91855
18669
6157
28624
837
99460
29171
56322
87678
31971
82121
46245
24979
57738
32938
5844
16635
52781
58631
24959
84009
27218
67178
38288
49039
20076
49334
2614
96974
70059
77204
88828
88727
83360
33804
89563
82819
79326
45885
70496
11296
44357
16741
52626
18447
49678
58470
35081
18810
33452
76391
2818
77022
43568
57457
26060
63643
6790
28674
60616
76848
22229
65796
81926
5588
99599
71489
88406
78924
33725
75253
6571
78081
8345
59197
96527
58022
34018
31608
76831
83821
7998
96000
60842
67918
53456
3254
47912
76598
31927
24880
53445
70507
90675
35371
76094
6625
23211
80851
85548
56935
56103
92118
51367
64448
67666
47894
38821
1683
95853
32004
1856
20202
28003
62697
4471
97811
65950
52383
74408
14228
77262
44204
84734
84288
95926
77179
90912
19136
58029
92811
92422
30484
1280
43789
11283
68946
8034
50103
86980
20238
98458
88835
56791
26461
67884
61262
40623
50185
13644
31382
80765
7257
75585
65498
91544
71511
59029
82455
6998
17057
75265
99420
47540
76544
59560
58822
45489
83945
25277
48821
4182
23734
37655
77324
66546
21890
38585
7168
72075
68580
38549
52839
75836
30486
34688
67379
1996
93716
49833
8993
27125
41449
24764
91016
17993
84323
49838
79833
84619
91466
28653
5152
15199
82660
82476
98097
4549
21060
21616
92975
5992
76517
62165
81827
7002
96853
49206
8997
6920
15390
34341
34044
56839
59105
25060
74831
59779
91249
54663
60750
82714
99668
65901
14264
98679
48376
12360
19579
85788
50328
12554
91779
26844
74718
73605
33845
87922
39162
59193
94842
54552
93533
28885
11390
68989
53944
2572
45120
45192
73586
5869
44257
73253
71769
74873
88283
36497
3584
7862
38636
53911
20415
30414
80754
11484
20370
14598
99406
75884
73790
10599
30435
83675
39483
58176
69015
9779
60747
14134
71322
34332
36354
15579
23937
8123
6803
12219
60971
10386
20080
99606
64297
56846
46371
45050
68330
83092
76000
84087
58975
66141
94685
5761
49815
50519
63936
35182
76649
24682
49315
47971
59014
85669
79901
99302
10143
86703
11520
87465
97088
31600
3422
77736
4797
49792
22786
73126
49235
15137
73564
8210
81277
84600
13970
47444
51471
77906
82625
28119
18939
48291
76089
94304
33959
72341
93605
60453
59043
5125
47917
72483
53076
67690
50218
57872
17481
73003
47350
83068
4491
37265
91277
85768
21865
21598
49563
89687
15855
32187
17805
34794
80477
10246
29097
30788
82586
22702
7592
41629
27826
71861
14111
97253
39550
80680
55124
73383
53683
18825
56450
74525
56090
47726
60292
94306
85675
9854
83992
1530
58392
1796
36323
55221
28393
65419
86008
10979
4472
93599
52607
32297
81811
83069
45901
21361
63748
1025
94743
33782
36201
51192
8307
92290
15269
84950
2947
943
11156
86938
2472
69547
5086
38794
41119
33478
20565
27126
44456
25036
37077
13414
73685
18887
12834
19585
40247
92934
36961
51341
26715
89514
2532
51373
81803
17800
52675
84750
35095
63830
88039
37566
49728
9476
92712
90847
42954
29628
34324
3761
54663
87752
17175
44699
6639
46360
80636
63237
39293
17596
14578
82360
23461
33461
33732
5264
67613
2758
6365
2707
82939
10755
40272
32667
20231
49335
39865
63184
78962
90540
83296
49977
78292
16822
94675
84930
63182
75310
64518
2474
9258
95447
1185
32718
28908
51269
54333
96520
54026
77049
99226
36965
87804
55849
85983
24386
5184
25847
3921
497
16386
87216
50473
11029
4038
45148
12310
83571
36809
76828
2396
62418
72274
3581
11488
1181
54849
65820
14052
8874
42869
29629
62190
47024
85478
48172
71409
7013
90370
75329
7509
23108
62544
74334
34136
82933
35833
46446
66503
72641
39625
68899
51411
11898
72479
62898
29431
43679
28717
43482
68904
87937
73111
31094
51312
74940
95617
22720
81952
2339
14400
5812
25446
93296
80145
75933
76228
32329
38730
59083
4970
78354
44333
72732
6604
33163
35629
36034
76841
80697
95867
45744
68634
68977
93189
36297
60268
5158
59017
58571
7496
89768
64383
49293
83063
60879
41577
75643
93208
80307
51077
14529
75012
95409
87260
81615
28571
22888
34000
21763
19936
29867
67506
88569
15195
77047
24866
75463
98556
234
34033
22403
6353
14767
88047
5768
91998
29623
97762
85205
26281
48838
16085
17645
60598
19696
99259
89168
58935
33259
10930
78870
79477
94787
83791
94671
88185
8656
86485
86740
25241
20518
25494
47945
51636
13540
53712
43633
59515
67825
45189
85795
33014
61273
3439
93611
80968
19050
99130
39902
68660
10059
18772
64488
21198
2562
59158
25734
27569
45643
28826
69161
82512
54319
17105
34147
67859
87169
77780
27373
71345
22968
29519
4359
593
49310
97969
81560
84711
97099
21462
53370
23509
56585
17857
61058
59146
93366
86792
3066
39008
15617
72226
37871
69935
5682
72018
54145
9202
66149
81517
80547
5468
27388
1257
6060
76697
99225
3972
61407
12675
41785
31128
36184
98369
48984
97241
73866
58701
384
76931
14061
16000
65508
51931
2287
87541
40300
56431
13095
22800
54300
9993
28268
81687
11249
50679
58383
10473
54650
19789
23148
96434
50916
75683
94802
16251
89275
85019
91303
89659
78301
5363
5658
60160
73646
7944
47701
13945
80727
77147
36745
35026
87139
81364
16712
14739
32042
75094
41563
86692
11234
64710
99477
78501
56744
94279
94751
46019
95649
2405
52029
73950
7768
57686
34109
81413
81982
98161
11709
62708
75307
64805
97733
78797
46168
14444
93535
78210
5889
35098
81253
17122
16159
80729
95622
89255
91359
6724
35273
87008
25480
87301
77309
33247
61338
11417
31011
59671
25930
59072
38730
17588
23876
36462
96385
70044
67257
6271
64605
89497
57720
62209
22970
90231
59289
18591
79485
50648
41666
31109
54007
67146
34761
31315
16744
12450
59083
64107
72121
1364
23178
10850
18952
47053
63664
31688
33448
30920
37958
14404
36769
12030
76612
59738
2260
35901
94681
81744
2900
36346
29204
73258
19843
63964
20924
52939
76413
80006
17045
48533
81370
40222
75735
321
3626
39398
48360
37074
86669
86317
51477
23437
98346
44441
83175
16957
80341
77855
98700
99592
30552
27903
72849
66747
8218
93772
19685
84631
90129
53081
49515
87850
9654
25249
88170
13279
64646
52881
66704
51315
39198
34533
91103
53895
78973
74277
70852
59313
68483
85903
75256
99035
30158
48104
82133
38375
58227
1817
39357
48355
71249
88872
36205
80902
14120
40726
10532
95118
93607
93588
62784
49156
28120
53886
3050
7092
44515
90253
82756
12997
92508
58011
28383
22665
22466
10515
77391
80692
28683
33100
29046
99931
21971
65250
97184
52442
5976
24068
63911
15934
17655
26694
65089
62126
80580
68138
69217
41446
74743
68324
54442
67250
26334
82825
6266
48799
93339
83656
29490
38374
33107
58535
38304
55077
40137
51840
23871
62464
92259
87781
78397
9913
14475
43485
88390
11406
27974
57606
52851
2716
25929
23644
69965
68614
22820
92582
17412
32511
92590
63253
70884
25696
38139
25539
80773
94627
77378
4643
57090
69636
8775
35486
95900
39601
95322
84289
51006
23296
58246
20208
26011
526
60204
12328
69139
83023
4909
2902
15533
97498
66154
86416
23194
20645
11955
20318
15271
5684
41312
88713
91672
50086
24198
3923
89687
19520
88212
57044
59167
62809
77252
85177
63335
53807
97504
32473
36829
18765
51727
52362
16262
34232
55129
39455
54876
83435
76124
86499
89119
17435
75211
80790
67521
15760
84712
57207
51631
89275
30602
10797
68436
24205
95974
31770
78011
9829
80594
14840
28593
32320
83553
61207
82904
38681
17013
37779
38468
93137
40629
27586
10571
32191
24727
78091
47951
25790
51649
99581
31417
82251
26730
99852
22807
39055
31621
818
48883
28566
15657
93828
77238
15561
71386
60141
70593
88398
14271
9060
97886
54900
36645
8457
87090
77723
2899
51392
19865
70900
67325
51281
69502
94054
51132
92308
33108
99104
93125
98342
27669
25133
92169
21258
40693
63554
81398
11286
68304
95669
36697
66189
66920
89694
90997
70361
67416
93896
21753
87280
64795
89077
38560
34296
99482
6043
42955
32589
21498
36080
30930
65519
61212
39451
86776
18257
3004
84526
45894
87659
80194
82590
53848
63465
72283
44844
33825
56051
55091
71929
59682
36237
77357
14594
86884
76838
20636
29839
25778
58486
82270
56708
24004
59833
96158
10779
78089
15513
95304
40334
19524
91849
39276
89723
71665
27910
50918
21842
83960
6009
93770
43642
42245
87479
58235
45481
80668
95222
75319
6446
53707
57588
79505
94062
17420
75662
4841
11861
7526
16496
52194
27049
24697
91469
16771
96361
19379
67689
18202
19690
90049
28324
79683
48645
32154
37917
94125
12821
49491
69443
35618
19549
43382
15122
13611
77154
7135
34803
89014
31013
51298
57559
74413
92346
65380
91184
5059
84758
75224
39612
20799
81624
84287
482
30268
16440
54750
24393
45613
20592
10187
97582
40141
69921
29056
53751
47074
36190
88553
36087
83554
56202
93645
57967
64900
59024
65502
69958
60133
40725
9569
97284
22348
93856
97765
68967
26647
68866
93359
88611
89458
19898
86193
29598
89818
15248
99700
36891
67789
4604
89329
51343
60805
99325
9309
42056
58349
74810
12013
34833
31886
37934
32116
70585
48141
46232
39551
91139
15098
49262
79750
4555
85511
82294
50504
75328
97541
50203
28570
81681
54806
17898
33023
31962
17222
58683
74018
91922
33492
2382
43107
81729
40315
91574
52313
4807
37806
91864
95946
69255
57477
75695
90161
42987
57988
40664
34666
71880
7218
63235
53560
62023
81132
2935
10336
14705
61617
705
6627
11461
3087
66085
93189
59753
57658
45502
64560
95463
53717
60505
64717
11193
52551
54877
70531
10538
11892
5196
98769
19109
68430
68680
97483
65913
71614
7819
80617
33231
8523
3595
61043
27961
69679
54231
87714
27337
99732
52273
22799
69800
12777
3868
80992
81679
75096
51522
92216
86988
56717
7336
22448
41498
76015
19931
7410
63981
44101
88027
13563
68975
7973
74605
13288
77652
28835
1001
4988
44919
53273
44138
14718
82401
64357
12062
64079
39453
79935
72646
42792
36652
96333
81591
94501
72347
17873
1911
36327
78325
6289
66241
47300
14261
40845
60587
91912
69680
77939
13251
30950
31211
73741
45667
29963
54449
57728
10393
10253
37663
83038
53044
90666
79370
50987
85166
68068
68859
3428
20747
47184
9716
86987
10835
40329
27832
87773
32240
13863
65711
61843
44812
13273
51935
6830
43235
6383
80910
53627
16636
34924
53016
86031
41941
48737
37017
43458
16804
5876
46886
37550
69411
72953
24537
96597
13281
68720
84369
61873
82582
50079
23715
43745
79703
75649
50574
39289
98383
47835
9267
15018
82758
62282
1049
24698
27370
38065
68156
44173
60292
31393
98075
46054
4345
38963
42650
17626
7682
27018
79498
6615
93448
19564
50359
89502
11564
17284
28790
9946
65119
38056
24964
64228
16689
42364
88926
44058
96780
73433
4583
73424
4825
2657
19477
25521
41619
78479
43146
65652
5496
38995
72266
15296
74910
38976
4797
86473
56259
49939
96419
37729
4346
37734
1957
37387
96449
7234
81444
93228
80666
2378
66651
1842
5034
2480
27362
63004
80958
86860
28655
2805
42206
17272
18100
17116
56247
39249
3588
28858
5539
16358
66586
9884
70443
68542
47270
66891
75775
45066
60119
72792
63795
43121
74633
85181
45600
18347
48184
42909
5206
93191
45714
47411
10462
80165
80878
83061
35765
84466
11918
41303
17175
78503
67539
87618
47045
31160
54508
39171
92577
30978
11963
56372
90451
2947
41552
36050
21293
6087
78959
26498
99277
41024
90261
26091
21188
71138
9151
56953
71955
21068
14607
89130
99570
82145
93099
62966
13305
63958
18489
5881
11288
30451
78604
1738
49749
20155
37787
71042
26242
33097
97539
41870
90472
4151
67960
11660
75289
77110
84964
63595
14529
99570
52724
30451
81715
62174
93416
11371
26132
28256
17251
37419
58706
95855
39156
8455
32361
93294
95848
74954
42743
9738
16824
33214
13889
1135
61225
5529
94597
46188
69123
9125
45758
38199
39575
43824
372
49343
55194
26503
77598
72444
80273
52656
84650
35780
77462
33363
29074
73309
8316
88168
83046
25139
37733
96934
42626
98958
18814
37222
61497
87937
46346
23606
26135
2273
67429
26506
51615
22622
69361
29212
11418
49633
98219
12419
85413
75680
45781
30838
65340
54097
35357
48386
95587
73089
61671
38212
88398
80485
91785
49895
84773
38131
73500
10907
40403
57281
37412
8369
79902
6772
53932
7671
72757
52151
20090
74521
44182
65870
5358
9522
36318
40714
74259
48257
30154
52281
2820
34904
49117
94605
84798
33889
49087
74649
44795
89489
48281
98559
14209
28183
21682
68140
52205
94438
20290
72294
68958
64472
54516
90667
90345
7185
47732
80955
55441
77886
33235
74613
12789
82352
85569
13938
32592
34655
4938
77387
40495
53219
92297
54703
97753
13978
22842
49957
8416
59484
38603
93725
40307
93118
84392
30651
302
32123
27957
72095
10008
61191
46707
39148
59894
32275
69437
92486
83281
74375
86224
23775
43945
78520
94829
58049
92497
17670
24357
17264
77153
62959
10989
17459
72428
95380
64461
89082
27502
92417
61176
53862
69960
24234
93009
29853
72860
78798
38690
56140
53172
41265
96266
13468
19784
91094
87868
28633
8763
12224
45896
2268
91535
73236
36078
63962
68615
16891
53043
12469
9307
30570
66330
95618
54803
75690
25471
44014
54487
80512
153
24010
21777
96418
53829
57912
3863
41696
2896
12626
53920
65144
31245
61806
38379
67322
25767
23346
84212
95162
35814
9871
42083
18495
5488
96886
10536
47310
57251
65023
44174
57404
5384
82302
70173
75565
56565
90388
17260
59461
19365
87531
24604
50609
49336
79334
34282
91455
2679
34846
86616
54844
44716
28698
73338
66555
41935
83874
30217
99186
65248
74390
72941
86983
56691
59465
62547
29607
49852
79807
89067
69216
83689
30022
36176
33025
25708
70458
24479
28386
21655
27446
99582
82722
72495
72919
49276
30782
56792
95844
46319
38391
70233
35611
25374
43275
11427
87920
72882
61279
84078
78300
46846
67767
24674
99374
17143
50381
86183
41621
95118
7837
85418
94699
90558
57912
83970
56185
5045
40761
52029
51363
95504
38613
86973
20877
98240
98400
8796
71121
76030
9226
65772
39227
76992
90445
38600
94134
57177
24782
52106
68647
48970
37523
63345
39527
11786
47314
95712
16831
4427
64092
84545
99930
2704
71518
37158
943
86269
62305
88415
78650
71530
70539
17876
48521
77335
72828
59006
34512
13961
27463
3158
62931
64985
82854
2457
93123
46520
14520
26305
50946
94963
10849
67227
97667
98718
4384
14961
84986
66688
19728
79987
54570
90266
97863
19442
67600
70690
78448
18463
84650
5910
37972
63932
87247
20826
82741
96721
67345
13612
23025
34642
8575
50225
1868
22593
48943
22603
37553
50280
89290
73632
30267
43859
63897
44481
79653
47849
31522
58100
66311
16171
80361
20635
96455
83959
41460
79195
80679
25156
92806
3703
59797
1380
70280
78016
40324
19222
618
77877
85853
6259
51508
32471
66470
31757
76951
46122
79605
8472
4221
62267
40995
933
82901
37449
84892
40712
16643
65570
65867
25800
85625
42015
43532
72256
20030
83855
91477
20647
78083
93681
26906
45943
26152
9727
94051
3102
55848
73655
11574
76420
52273
68920
77352
51526
6368
78595
92237
39362
60517
74456
65161
62493
16470
25044
34748
36500
25251
26224
73498
3333
36256
16755
65627
62407
26481
59677
65509
82328
49683
93434
75099
1956
62353
68803
53481
85072
47397
62069
24433
7913
36524
5945
70405
52994
47341
5152
5845
72591
47727
79342
75923
83983
96097
41550
46389
38929
17578
28249
21257
67261
21682
12707
69216
386
81509
39048
85457
28906
1116
26241
36818
37640
32186
23575
6985
79526
28726
12829
52116
92805
92170
44390
76787
4618
2291
39527
43547
19869
67776
81155
3481
5809
93861
89048
6195
75370
28095
8003
4275
45562
34244
57444
83201
82781
97370
6537
62306
26096
19365
30773
18900
27887
91514
12038
32504
93805
51564
76050
30025
35691
57204
33505
41500
51065
22552
64046
42786
66998
72048
63412
12559
6291
20855
12112
89071
18225
18648
67728
60672
54365
14852
95923
82251
6366
24312
14754
170
75875
7156
46546
11566
80711
80050
69417
48127
18953
33462
90912
85950
5509
54323
14860
28152
91530
26971
17222
26106
45619
1302
86777
16335
16153
99051
98585
22518
23362
13338
39039
15588
36845
85584
43505
17556
81985
12921
65682
17289
46382
56594
3238
68243
27268
34450
96394
18797
61420
29967
44902
23390
31268
48030
39724
47421
63432
38308
86290
3145
67998
25329
18733
4842
27264
78589
22397
25601
91510
88079
42889
54243
61024
62479
22485
88291
96928
18878
23440
74699
48845
68341
98089
80112
32723
54164
43884
96154
8824
46526
99299
93173
88206
34383
98014
15469
12971
36763
41069
4480
41193
310
75075
18568
62788
97559
6858
76067
16437
30297
50765
65281
14990
65205
61744
47712
35721
21980
60217
44544
68505
75867
37716
56710
10249
52081
88530
23220
5195
45951
44051
46387
46260
19125
64954
25399
16684
88164
1465
49472
34812
68581
31104
49801
50138
92847
13864
85858
31178
90433
46753
99682
66299
820
56391
76548
52900
44921
16119
74447
90871
76521
20833
53482
95646
2139
78880
28681
6654
96696
78152
41465
81628
9255
7618
48117
18453
37833
33974
49631
28265
97078
65664
10916
97897
38407
87463
67149
99679
19933
41595
6901
96453
78779
60382
92098
97269
55613
37130
20274
52308
31633
78091
50287
57239
2060
98404
75692
39892
48729
41674
84509
62159
23689
11776
60055
62095
99238
43555
61773
35522
1501
68673
31974
96632
29054
40424
10252
1018
93905
30526
69677
25538
24968
19964
82776
27027
18367
74819
83270
83447
32844
67778
45605
56533
79553
22012
18627
95142
81918
96752
47015
99771
65424
78989
12754
10830
35764
23005
11847
29668
69882
81524
55205
94849
17839
54333
21875
52557
29151
5145
36003
61995
89274
97960
34879
85179
19971
53505
96672
18240
50256
43687
18010
32032
22675
30763
59213
74790
53768
71059
4457
40001
68934
76014
34850
86772
30346
73076
39328
59496
94572
91683
37842
83846
89642
72720
85376
25964
42577
82047
44203
92832
25733
62213
41215
64759
92975
427
55900
63094
87838
60357
3095
56771
36370
54296
59895
66715
43723
99222
42562
38295
90904
80404
38492
96897
69475
23867
22860
12051
22265
67063
21235
64350
29275
62449
45460
38601
79228
1360
18047
67065
78068
37493
23835
14437
91788
81
97503
51862
99303
56416
90156
6558
53171
44999
19807
22646
68865
42666
34696
7482
9728
55930
71831
55354
34731
17290
93955
13958
35001
28353
81022
13068
65845
21208
43856
73984
21289
41358
25845
36943
14126
32353
59852
67296
77351
79658
89941
62568
22324
40989
70049
48403
96918
58231
3757
31648
75520
14063
61957
10521
58767
59330
39940
24611
80538
83796
98594
18178
41505
24438
71472
55630
73142
31323
39278
50493
27333
29218
13060
49656
86558
99460
14410
83476
57690
34518
31475
33209
64932
93432
60081
23698
52761
16373
48308
49650
168
63253
84179
41672
4043
55650
13654
77184
3325
52931
27676
30657
98500
57087
96664
85058
56546
27425
84885
14235
61943
16359
63796
26874
26142
40228
66924
95255
56600
15231
61256
73119
94836
45435
31143
98878
17436
44796
76061
37112
14078
20089
67768
12577
77175
80783
13986
50073
8208
98870
64307
70150
31581
44454
13375
74074
84682
80298
69328
57633
11881
30584
30752
6716
92370
78246
21945
26157
23041
98005
63269
37118
18093
47388
66046
11620
28171
96384
61692
52730
95253
42350
39231
26833
86804
52605
17259
87837
49255
86586
61821
77487
33521
8924
554
42242
87169
22498
68399
26561
36854
48019
80030
54947
95406
46076
82918
39928
42459
44609
92657
54063
86958
31887
97248
90113
844
14506
77949
66450
17443
56122
60288
50964
65045
60841
9557
68566
99690
77955
95126
36543
25973
75156
7841
37731
21231
90758
77658
80041
35366
86667
50455
38676
34905
47702
28788
35748
62207
23089
18549
79650
79210
78836
46965
60606
56028
56521
29171
55717
50828
24297
8612
93152
99452
16452
30882
37034
7210
24892
33426
42575
11558
83880
97602
46462
47934
26390
98562
26492
65830
33462
22493
61391
28650
69457
21996
84677
42330
67519
56746
9509
91815
65357
2660
7618
81808
49894
61003
5369
74785
10780
64296
2694
11011
61897
65507
58944
88286
80420
85436
70467
13882
24280
31857
42531
93737
70205
43559
52418
37723
304
61926
45889
82012
80937
53506
80172
30830
30860
85540
21966
41639
49835
24659
52649
11732
6518
27945
16369
86937
29732
86836
818
54011
35044
59700
64099
5248
3259
16516
42970
19914
94793
88858
1926
75730
58715
82097
22911
5926
83988
44877
63916
50175
69535
16565
61906
76052
60861
94626
79341
90592
97813
80158
44602
32857
39858
8701
54456
43116
41568
97426
63029
52713
2635
81306
44794
77702
79754
67704
83627
63742
12580
47543
13916
98467
80459
92173
90870
41319
86798
70210
48262
963
50368
9215
33819
6577
34267
4626
66044
75835
2051
45424
44899
21038
26730
89692
98739
22835
57395
98717
86576
69975
46259
16843
84793
43069
25367
75662
739
28517
45872
49000
29479
12591
58215
79649
35519
92481
84274
1562
84667
2677
63337
29565
40066
90066
19256
38804
12901
93003
53872
15828
79329
16483
49023
64121
59551
74389
39782
60290
19257
2005
25641
48735
30947
207
44735
66465
92688
45361
84378
93706
48037
47715
23271
88102
54132
58878
43257
83384
68232
97128
99212
47560
29962
64586
11680
89513
55326
67814
66154
74583
86170
8146
39669
17117
8353
84404
99933
17392
29764
84311
11097
94152
48377
50719
98605
2508
25949
41861
2244
94180
55340
1455
58092
85302
82392
86123
91166
37717
53936
73671
28651
40106
98168
68320
73574
6520
69075
73506
40263
15190
74168
51360
9341
38896
18430
7945
41404
60730
66157
43647
71262
37848
61453
29353
39501
60196
15475
47018
14264
85763
20688
42915
25868
35208
27586
15793
41727
13012
89298
98342
28201
79818
66053
53893
18713
84482
78189
76468
45212
44345
36466
16473
98544
97918
62177
38045
74465
77651
85062
88729
63413
22102
47995
5632
57309
91932
21424
15387
4943
27074
13728
49495
6891
79780
3387
41955
80614
97927
18423
42177
58623
54888
58649
57166
69158
37177
95210
43622
31179
96624
48702
94592
18725
96696
16575
92385
88627
37999
7771
9921
81424
37851
59415
4666
17630
79153
46620
98243
77079
81394
40419
35701
36282
15419
92867
21791
68947
4428
81764
126
1051
30466
94717
19775
43513
27643
12159
48492
81993
36282
58412
63416
74132
17827
68081
91761
13331
31053
6356
90410
12446
63126
26110
65079
94897
35328
86869
63843
39756
68633
63968
40806
99098
75036
76933
58962
2679
89091
7453
84671
25372
65865
64439
15855
43
48871
7616
13373
79923
30323
3782
8721
9800
46244
73799
4696
81571
60668
68539
37678
45652
32506
78484
61101
23894
55416
20062
26572
60858
27515
27594
2582
93379
8384
18436
9773
57255
42403
23145
53529
89077
43279
62249
98877
5874
52400
3572
3796
29419
72110
41474
75070
20968
19957
36170
44861
91724
56231
87784
52581
97
31729
71514
9827
40113
89950
19599
97367
48704
59096
67247
37781
18726
29496
36657
24599
81895
40228
28394
27665
28690
69867
2734
66009
6175
55255
27221
14250
27837
31356
66831
27934
63084
54696
37760
19548
60997
73711
16914
9701
32806
84161
47481
51531
30008
489
76129
28254
57068
20874
55918
2109
7093
75003
68117
13267
30257
11689
27517
58093
43044
10699
86026
22480
65394
40138
42027
26391
13848
75293
52443
63005
75805
16275
14535
5812
16763
7015
34065
90182
44240
6334
92291
51332
81336
76759
80951
27944
4800
8467
86036
47843
35517
88414
86674
17262
28551
28701
60004
58750
20345
12446
21754
96149
28720
52640
1960
61834
76006
52376
68368
20245
75061
60658
87929
72748
53768
68879
691
58567
93697
86726
22762
45565
91491
9435
62826
20041
54487
39182
95142
91183
51627
33247
87331
96699
85886
5642
74884
78243
74369
43251
14840
49429
20260
2768
22176
74028
87998
39218
48946
98046
25944
71707
43610
17434
97494
22787
53827
68332
61968
65320
59515
29947
98567
63197
42997
804
68839
17880
79047
59559
77483
93886
8988
97742
13005
47515
88121
1002
86733
37067
99047
29028
25125
59008
62813
38970
81794
32991
23654
43762
98311
83168
73708
96877
62716
33056
97680
47906
50935
93078
7465
44769
86963
32804
58863
16319
80318
63335
17320
83402
16753
32718
28781
41878
91725
91594
97199
73519
24584
20852
33632
39246
20371
23691
36122
83087
56746
50154
30992
24032
43231
38456
68801
46546
87611
44015
62864
84281
7349
96536
67682
24102
45605
96463
82331
53682
4408
79529
43552
45343
381
77183
84589
20751
873
37062
20189
57618
3567
51181
98001
63150
5988
66801
9695
93599
10815
88910
77879
18164
1797
61912
58617
47402
74726
40947
17435
95485
20475
60986
40828
37207
38168
41768
57958
55392
95181
78146
29361
98748
45678
27361
61897
68018
10514
87943
61616
21328
93204
55846
55843
95001
34109
14459
58754
8835
55405
76188
4319
92232
37173
61498
29438
91692
19617
3747
63435
14798
98245
92795
29897
43922
36507
8145
28291
47020
12439
6258
84700
5642
62103
40542
642
12564
71353
59395
21398
43109
51934
42068
35340
89106
19918
81130
97149
39534
84876
60583
70683
99472
53377
579
43394
89884
25075
88036
53255
37513
94294
37954
43155
72748
94848
60148
85311
66200
35895
23060
9308
87828
81480
61000
76934
1397
42129
74082
57282
43356
51017
44317
42828
4393
61247
2573
10628
86322
90608
63883
23834
84901
18188
83340
74001
13035
43488
59311
95586
79382
82371
4894
83561
63850
82245
76846
81598
40725
67280
55231
84080
18296
99547
43259
22688
60794
45831
49668
63467
52791
29902
3652
54043
48089
86992
28043
61124
46831
87354
56709
42564
86076
77954
26124
66277
76550
2970
64226
17274
70249
19456
17706
4896
35355
60964
27583
96148
23147
93602
75966
75937
23503
79617
29979
71592
82960
58022
49067
29790
45375
22127
88705
47802
16433
14829
14078
92982
34150
78303
26608
20750
14110
44313
25645
49464
5276
69579
61963
28422
63181
37928
20710
86683
17545
50689
74626
16856
8710
23692
62998
70436
45819
51702
34589
62251
66530
48666
71584
17031
43320
98191
37780
73781
42503
63424
23245
64131
33003
85207
8904
96183
39487
29614
99217
73383
96654
73843
90238
21715
97534
53235
8502
59704
4937
43090
38306
87818
8107
9890
4849
67778
24432
42628
41558
83287
22404
64802
47417
55406
66361
72672
67940
5847
18637
83508
79229
31642
57350
69466
53356
71236
22701
61857
30939
43989
21298
69245
31806
29404
95486
36654
13533
19917
95634
55091
19555
18037
19892
83323
89794
86252
55995
74085
8450
90983
57592
87678
22625
14942
57144
92332
86177
96196
54189
33467
40184
91838
19063
88341
37594
14548
24995
51126
50817
36980
6216
86723
55016
42460
70046
61161
45063
26040
35245
53513
33374
92836
41190
72350
24129
14685
64682
26657
10880
35222
60124
67415
27059
79186
55756
64652
10086
97102
15778
77254
34081
21993
63976
5448
80804
34021
82960
25867
76412
18204
79379
9786
27391
36920
82135
67872
51605
46816
94528
78836
82037
54651
62603
25448
50189
34710
90099
60274
31811
5876
37527
82243
44221
17854
4042
25024
51875
87001
50890
28286
21556
46620
54423
65298
83540
52910
33169
51496
16077
27697
46683
14466
98699
9285
39913
48887
43994
30011
25512
92156
52239
79390
74398
12811
97244
94791
37834
65470
81791
5076
93755
19698
51695
64530
84996
51586
17439
18164
19433
49867
45860
66116
64332
60911
75400
4244
9797
35746
50607
51661
27901
2845
31050
18651
15655
44645
13441
69840
10114
11584
74915
20221
31281
42962
84750
16276
10899
18540
50792
30332
68406
96651
96447
32738
73913
88198
53333
62
23943
3939
51722
68196
23135
99123
86846
55141
43768
286
24981
53881
11869
16247
74101
59502
75560
75202
75777
86459
10093
26568
33142
78499
39571
45940
27588
29835
34137
97272
29896
74432
1211
81617
42627
40697
80740
29472
95838
40859
46109
37170
94739
74330
53416
85192
33831
28976
60393
25959
31786
86838
68879
64927
65336
24801
27218
9275
54635
77706
6546
84531
52137
24108
82499
11115
64805
79590
40586
76994
20448
3047
14163
31539
77376
83930
16730
27558
12905
93474
69868
61042
80311
55098
42320
61998
79898
69537
71272
50885
47243
94170
51767
15731
18277
50617
26846
99433
30207
83783
92778
50654
86829
6940
82192
80556
90870
15273
24465
20126
8747
94333
81168
5409
49430
23487
67407
45680
9376
55030
12916
56618
49199
64682
72348
83828
15298
99193
99612
61856
99328
92390
12510
86156
15681
11053
83064
6550
26326
7528
43028
51424
18212
40547
73184
83994
80385
40590
29673
89760
11972
58940
62729
77522
23621
51429
77701
55270
66973
77313
17126
66300
86054
45987
68808
1734
73391
51871
24636
99716
75750
67663
67491
93962
8209
40675
77955
88593
97616
23979
94705
25939
82918
57433
3461
22890
8861
81161
94511
75834
74825
27988
58485
60878
73974
27292
62612
47365
79162
3599
63432
54912
71261
47275
65225
95821
87949
59531
765
1916
83509
95469
27855
82778
69254
31315
22019
94466
28827
16529
86651
3652
44517
45136
80881
34842
72427
43492
82206
67941
63442
61990
39204
34702
9264
4428
46874
13564
63958
47639
15479
63818
59459
59685
62947
28712
7351
84965
39530
36178
1493
26180
56181
46009
71315
37061
97203
60094
96905
79408
28034
60346
57749
83589
95048
83364
4368
58273
96927
68325
5911
28758
48494
81722
88442
11440
26785
95793
96404
66314
48322
14248
8846
4502
76609
80160
41562
73811
56605
54818
69570
990
15164
27319
84578
26563
10682
88945
84835
23961
73621
7098
52718
38466
88819
57511
66257
31955
53303
62660
98269
17976
93260
7114
38829
69868
3625
80391
43678
76582
51560
13247
77571
66723
56917
78501
93285
83951
67445
78120
7911
57418
1569
60628
95883
90387
18138
62140
22341
87793
41151
36961
5768
34410
60426
44597
20629
80403
41339
80658
56984
92898
10257
50906
75973
67173
29406
69257
51123
13203
63728
59033
70620
65296
36012
82854
72034
54150
61345
10727
58294
18848
64039
80413
53257
40817
41361
90238
21219
99051
70895
94554
8301
81151
45459
84273
64676
91217
69881
32150
4419
33609
7535
91390
15256
43546
74243
3642
14047
51940
30720
72340
70787
11110
69105
40395
51926
10465
30632
89496
9516
17879
84049
17816
99029
45860
18440
80056
37076
88320
12206
41494
38280
19740
49235
69888
79637
39829
89881
93684
91768
20600
82375
62554
31709
51479
2949
99987
78296
49932
89482
87811
67810
73531
21978
83191
19390
56769
63246
72817
45088
75451
14310
83368
11542
79896
69607
91179
19724
59487
1214
11492
80086
83588
90397
28146
51419
9697
28132
29714
59629
17614
33876
43790
7496
72205
26980
26885
28973
90226
99701
90412
82028
30362
90131
9922
26609
59737
17452
46332
19223
18665
74175
15660
18604
64572
60158
70022
90620
88289
16087
66600
22254
66314
10390
29749
38518
37369
72985
83842
43946
89037
74254
42326
35750
64384
52247
62358
24121
86050
8690
59695
4714
99216
75355
39669
63787
35512
26043
70759
40152
58481
37358
62406
24795
47747
8506
79664
1468
81491
63506
45413
86879
54111
4090
22629
18494
72688
1338
58966
58737
10027
18661
